31.2 29.5
46.9 13.4
62.5 16.4
78.1 22.8
93.8 19.9
109.4 8.8
125.0 2.6
140.6 6.7
156.3 6.9
171.9 2.8
187.5 3.8
203.1 5.3
218.8 9.6
234.4 7.7
250.0 2.8
265.6 7.2
281.2 13.5
296.9 14.9
312.5 14.2
328.1 5.5
343.7 3.8
359.4 6.9
375.0 13.0
390.6 6.6
406.2 6.8
421.9 11.3
437.5 9.9
453.1 4.1
468.7 5.0
484.4 2.8
500.0 4.9
515.6 9.4
531.2 7.1
546.9 3.4
562.5 3.1
578.1 6.7
593.7 4.8
609.4 6.8
625.0 8.5
640.6 4.8
656.2 12.0
671.9 9.7
687.5 6.5
703.1 5.0
718.7 3.7
734.4 7.3
750.0 12.3
765.6 5.0
781.2 4.1
796.9 6.3
812.5 9.1
828.1 9.1
843.7 9.4
859.4 8.3
875.0 5.7
890.6 5.9
906.2 3.9
921.9 3.9
937.5 9.6
953.1 1.5
968.7 5.9
984.4 1.7
