31.2 15.2
46.9 26.8
62.5 33.0
78.1 56.7
93.8 27.4
109.4 11.2
125.0 5.3
140.6 11.7
156.3 11.8
171.9 10.0
187.5 14.8
203.1 17.6
218.8 34.2
234.4 36.8
250.0 15.4
265.6 13.1
281.2 16.7
296.9 14.7
312.5 11.0
328.1 8.4
343.7 8.4
359.4 14.6
375.0 9.6
390.6 7.8
406.2 9.7
421.9 14.3
437.5 12.3
453.1 17.1
468.7 14.6
484.4 11.3
500.0 15.6
515.6 28.2
531.2 21.1
546.9 5.1
562.5 6.6
578.1 8.4
593.7 10.6
609.4 17.5
625.0 13.4
640.6 5.6
656.2 11.6
671.9 10.7
687.5 14.1
703.1 15.4
718.7 8.9
734.4 4.6
750.0 9.4
765.6 13.5
781.2 10.8
796.9 8.2
812.5 12.7
828.1 15.6
843.7 11.6
859.4 5.0
875.0 9.7
890.6 17.3
906.2 9.4
921.9 7.5
937.5 12.2
953.1 16.2
968.7 15.0
984.4 8.4
